{
 "cells": [
  {
   "cell_type": "markdown",
   "metadata": {},
   "source": [
    "\n",
    "## **In Class Numpy Practice: Linear Algebra, Probability, and Set Theory**\n",
    "\n",
    "* This notebook will guide you through various operations using NumPy, focusing on linear algebra, probability, and set theory concepts. I highly recommend completing these exercises before you attempt HW2. "
   ]
  },
  {
   "cell_type": "code",
   "execution_count": 1,
   "metadata": {},
   "outputs": [],
   "source": [
    "import numpy as np\n",
    "import matplotlib.pyplot as plt"
   ]
  },
  {
   "cell_type": "code",
   "execution_count": 2,
   "metadata": {},
   "outputs": [],
   "source": [
    "# To display LaTeX notation in Jupyter Notebooks, you can install IPython.display to your environment. \n",
    "# Uncomment if you would like to try it. You do not need it for this practice since all the LaTeX \n",
    "# references in the examples are using simple markdown.\n",
    "\n",
    "#!pip install ipython\n",
    "#from IPython.display import Latex as lt"
   ]
  },
  {
   "cell_type": "markdown",
   "metadata": {},
   "source": [
    "### **Using Seaborn for visualization**\n",
    "\n",
    "\n",
    "* Seaborn is a Python data visualization library based on Matplotlib. It provides a higher-level interface compared to Matplotlib for drawing attractive and informative statistical graphics. You are not required to use seaborn over Matplotlib if you don't want to. I am providing an example here to provide you with alternative libraries that you can use. \n",
    "\n",
    "* Seaborn has the ability to handle large datasets, and built-in functions for plotting common statistical plots. In the context of plotting libraries, Seaborn is more high-level compared to Matplotlib, meaning it abstracts many details and provides simple functions to create complex plots. However, you might not have as much con"
   ]
  },
  {
   "cell_type": "code",
   "execution_count": 3,
   "metadata": {},
   "outputs": [],
   "source": [
    "# Uncomment the following line if you need to install seaborn\n",
    "#!pip install seaborn \n",
    "\n",
    "import seaborn as sns"
   ]
  },
  {
   "cell_type": "markdown",
   "metadata": {},
   "source": [
    "### **Creating a NumPy array**\n",
    "\n",
    "There are different general mechanisms for creating arrays, including:\n",
    "\n",
    "* Conversion from other Python structures (i.e. lists and tuples)\n",
    "\n",
    "* Intrinsic NumPy array creation functions (e.g. arange, ones, zeros, etc.)\n",
    "\n",
    "* Replicating, joining, or mutating existing arrays\n",
    "\n",
    "* Use of special library functions (e.g., random)\n",
    "\n",
    "Read more [here](https://numpy.org/devdocs/user/basics.creation.html)."
   ]
  },
  {
   "cell_type": "markdown",
   "metadata": {},
   "source": [
    "* In last class, we learned about Python `list`. Let's create a list and convert it into a NumPy array."
   ]
  },
  {
   "cell_type": "code",
   "execution_count": 4,
   "metadata": {},
   "outputs": [
    {
     "data": {
      "text/plain": [
       "numpy.ndarray"
      ]
     },
     "execution_count": 4,
     "metadata": {},
     "output_type": "execute_result"
    }
   ],
   "source": [
    "alist = [1, 2, 3, 4,5]             # Define a python list\n",
    "\n",
    "an_np_array = np.array(alist)       # Pass the list to np.array() as a parameter\n",
    "\n",
    "type(an_np_array)                  # Check the object's type"
   ]
  },
  {
   "cell_type": "markdown",
   "metadata": {},
   "source": [
    "* A list of numbers will create a 1D array,\n",
    "\n",
    "* A list of lists will create a 2D array,\n",
    "\n",
    "* Further nested lists will create higher-dimensional arrays. In general, any array object is called an `ndarray` in NumPy. \n",
    "\n",
    "**To create an array with more than one dimension, we will pass a nested list (a list of lists) to `np.array()`:**"
   ]
  },
  {
   "cell_type": "code",
   "execution_count": 5,
   "metadata": {},
   "outputs": [
    {
     "data": {
      "text/plain": [
       "array([[ 1,  2,  3,  4,  5],\n",
       "       [ 5,  6,  7,  8, 10]])"
      ]
     },
     "execution_count": 5,
     "metadata": {},
     "output_type": "execute_result"
    }
   ],
   "source": [
    "another_list = [5, 6, 7, 8, 10]\n",
    "\n",
    "two_d_arr = np.array([alist, another_list])\n",
    "two_d_arr"
   ]
  },
  {
   "cell_type": "markdown",
   "metadata": {},
   "source": [
    "An `ndarray` is defined by the number of dimensions it has, the size of each dimension and the type of data it holds. Check the number and size of dimensions of an ndarray with the shape attribute:"
   ]
  },
  {
   "cell_type": "code",
   "execution_count": 6,
   "metadata": {},
   "outputs": [
    {
     "data": {
      "text/plain": [
       "(2, 5)"
      ]
     },
     "execution_count": 6,
     "metadata": {},
     "output_type": "execute_result"
    }
   ],
   "source": [
    "two_d_arr.shape"
   ]
  },
  {
   "cell_type": "markdown",
   "metadata": {},
   "source": [
    "### **Some of NumPy's very useful operations**"
   ]
  },
  {
   "cell_type": "markdown",
   "metadata": {},
   "source": [
    "* **[numpy.linspace](https://numpy.org/devdocs/reference/generated/numpy.linspace.html#numpy.linspace)** will create arrays with a specified number of elements, and spaced equally between the specified beginning and end values. See the example below: "
   ]
  },
  {
   "cell_type": "code",
   "execution_count": 7,
   "metadata": {},
   "outputs": [
    {
     "data": {
      "text/plain": [
       "array([1. , 1.6, 2.2, 2.8, 3.4, 4. ])"
      ]
     },
     "execution_count": 7,
     "metadata": {},
     "output_type": "execute_result"
    }
   ],
   "source": [
    "np.linspace(1., 4., 6)"
   ]
  },
  {
   "cell_type": "markdown",
   "metadata": {},
   "source": [
    "* **[np.eye(n, m)](https://numpy.org/devdocs/reference/generated/numpy.eye.html#numpy.eye)** defines a 2D **identity matrix**. The elements where `i=j` (row index and column index are equal) are 1 and the rest are 0, as such:"
   ]
  },
  {
   "cell_type": "code",
   "execution_count": 8,
   "metadata": {},
   "outputs": [
    {
     "data": {
      "text/plain": [
       "array([[1., 0., 0., 0.],\n",
       "       [0., 1., 0., 0.],\n",
       "       [0., 0., 1., 0.],\n",
       "       [0., 0., 0., 1.]])"
      ]
     },
     "execution_count": 8,
     "metadata": {},
     "output_type": "execute_result"
    }
   ],
   "source": [
    "np.eye(4)"
   ]
  },
  {
   "cell_type": "markdown",
   "metadata": {},
   "source": [
    "#### **Generating `ndarray`s**\n",
    "\n",
    "* The ndarray creation functions e.g. `numpy.ones`, `numpy.zeros`, and `random` define arrays based upon the desired shape. The `ndarray` creation functions can create arrays with any dimension by specifying how many dimensions and length along that dimension in a tuple or list.\n",
    "\n",
    "* `numpy.zeros` will create an array filled with 0 values with the specified shape."
   ]
  },
  {
   "cell_type": "code",
   "execution_count": 9,
   "metadata": {},
   "outputs": [],
   "source": [
    "zeros = np.zeros(5)"
   ]
  },
  {
   "cell_type": "code",
   "execution_count": 10,
   "metadata": {},
   "outputs": [
    {
     "data": {
      "text/plain": [
       "array([0., 0., 0., 0., 0.])"
      ]
     },
     "execution_count": 10,
     "metadata": {},
     "output_type": "execute_result"
    }
   ],
   "source": [
    "zeros"
   ]
  },
  {
   "cell_type": "code",
   "execution_count": 11,
   "metadata": {},
   "outputs": [],
   "source": [
    "zeros_2d = np.zeros((4, 5))"
   ]
  },
  {
   "cell_type": "code",
   "execution_count": 12,
   "metadata": {},
   "outputs": [
    {
     "name": "stdout",
     "output_type": "stream",
     "text": [
      "2D array:\n",
      "\n"
     ]
    },
    {
     "data": {
      "text/plain": [
       "array([[0., 0., 0., 0., 0.],\n",
       "       [0., 0., 0., 0., 0.],\n",
       "       [0., 0., 0., 0., 0.],\n",
       "       [0., 0., 0., 0., 0.]])"
      ]
     },
     "metadata": {},
     "output_type": "display_data"
    },
    {
     "name": "stdout",
     "output_type": "stream",
     "text": [
      "3D array:\n",
      "\n"
     ]
    },
    {
     "data": {
      "text/plain": [
       "array([[[0., 0., 0., 0.],\n",
       "        [0., 0., 0., 0.],\n",
       "        [0., 0., 0., 0.]],\n",
       "\n",
       "       [[0., 0., 0., 0.],\n",
       "        [0., 0., 0., 0.],\n",
       "        [0., 0., 0., 0.]]])"
      ]
     },
     "execution_count": 12,
     "metadata": {},
     "output_type": "execute_result"
    }
   ],
   "source": [
    "print('2D array:\\n')\n",
    "display(zeros_2d)\n",
    "array_3d = np.zeros((2, 3, 4))\n",
    "\n",
    "print('3D array:\\n')\n",
    "array_3d"
   ]
  },
  {
   "cell_type": "markdown",
   "metadata": {},
   "source": [
    "## **Linear Algebra with NumPy**\n",
    "\n",
    "#### **Matrix Creation and Operations**\n",
    "\n",
    "Let's start by creating matrices and performing basic operations on them."
   ]
  },
  {
   "cell_type": "code",
   "execution_count": 13,
   "metadata": {},
   "outputs": [],
   "source": [
    "# Creating matrices\n",
    "A = np.array([[1,2,3], [4, 5, 6]])\n",
    "B = np.array([[2,2,2], [2, 2,2]])"
   ]
  },
  {
   "cell_type": "markdown",
   "metadata": {},
   "source": [
    "* **Add the two matrices we created**"
   ]
  },
  {
   "cell_type": "code",
   "execution_count": 14,
   "metadata": {},
   "outputs": [
    {
     "name": "stdout",
     "output_type": "stream",
     "text": [
      "Matrix A + Matrix B =\n",
      " [[3 4 5]\n",
      " [6 7 8]]\n"
     ]
    }
   ],
   "source": [
    "# Matrix addition\n",
    "print(\"Matrix A + Matrix B =\\n\", A + B)"
   ]
  },
  {
   "cell_type": "markdown",
   "metadata": {},
   "source": [
    "* **Let's do a matrix multiplication**\n",
    "\n",
    "* How difficult can it be? "
   ]
  },
  {
   "cell_type": "code",
   "execution_count": 24,
   "metadata": {},
   "outputs": [
    {
     "name": "stdout",
     "output_type": "stream",
     "text": [
      "\n",
      "A * B =\n",
      " [[10 10 10]\n",
      " [14 14 14]\n",
      " [18 18 18]]\n"
     ]
    }
   ],
   "source": [
    "# Matrix multiplication\n",
    "# print(\"\\nA * B =\\n\", np.dot(A,B))\n",
    "print(\"\\nA * B =\\n\", np.dot(A.transpose(),B))"
   ]
  },
  {
   "cell_type": "markdown",
   "metadata": {},
   "source": [
    "* You received a `matmul` ValueError complaining about a mismatch in our matrices' dimension. Here is why: \n",
    "\n",
    "* Matrix `A` has dimensions 2×3 and matrix `B` has dimensions 2×3. For matrix multiplication using the `np.dot` function (or the `@` operator), the number of columns in the first matrix must be equal to the number of rows in the second matrix. In this case, you can't multiply `A` and `B` directly since the number of columns in `A` (which is 3) does not match the number of rows in `B` (which is 2).\n",
    "\n",
    "* However, you can multiply A with the transpose of B (denoted B<sup>T</sup> )\n",
    "The transpose of a matrix switches its rows and columns. For matrix B above, \n",
    "B<sup>T</sup> will be a 3×2 matrix."
   ]
  },
  {
   "cell_type": "markdown",
   "metadata": {},
   "source": [
    "### Review of Matrix Transpose Operator\n",
    "\n",
    "Given the matrices \\( A \\) and \\( B \\):\n",
    "\n",
    "\n",
    "\\begin{align*}\n",
    "A =\n",
    "\\begin{bmatrix}\n",
    "    1 & 2 & 3 \\\\\n",
    "    4 & 5 & 6 \\\\\n",
    "\\end{bmatrix}\n",
    "\\end{align*}\n",
    "\n",
    "\n",
    "\n",
    "\\begin{align*}\n",
    "B =\n",
    "\\begin{bmatrix}\n",
    "    2 & 2 & 2 \\\\\n",
    "    2 & 2 & 2 \\\\\n",
    "\\end{bmatrix}\n",
    "\\end{align*}\n",
    "\n",
    "\n",
    "The transpose of \\( B \\), \\( B<sup>T</sup>  \\), is:\n",
    "\n",
    "\\( B<sup>T</sup> \\):\n",
    "\n",
    "\\begin{align*}\n",
    "B^T =\n",
    "\\begin{bmatrix}\n",
    "    2 & 2 \\\\\n",
    "    2 & 2 \\\\\n",
    "    2 & 2 \\\\\n",
    "\\end{bmatrix}\n",
    "\\end{align*}\n",
    "\n",
    "\n",
    "When you multiply \\( A \\) with \\( B<sup>T</sup>  \\) using `A @ B.T`, you're performing matrix multiplication between a \\( 2 x 3 \\) matrix and a \\( 3 x 2 \\) matrix. The resulting matrix will be \\( 2 x 2 \\).\n",
    "\n",
    "On the other hand, directly multiplying \\( A \\) and \\( B \\) using `A @ B` would require \\( B \\) to have the same number of rows as \\( A \\) has columns.\n"
   ]
  },
  {
   "cell_type": "markdown",
   "metadata": {},
   "source": [
    "$$\\begin{bmatrix} 1 & 2 & 1 \\\\ 3 & 0 & 1 \\\\ 0 & 2 & 4 \\end{bmatrix}$$\n"
   ]
  },
  {
   "cell_type": "markdown",
   "metadata": {},
   "source": [
    "#### **Identity Matrix**"
   ]
  },
  {
   "cell_type": "code",
   "execution_count": 16,
   "metadata": {},
   "outputs": [
    {
     "data": {
      "text/plain": [
       "array([[1., 0., 0., 0., 0.],\n",
       "       [0., 1., 0., 0., 0.],\n",
       "       [0., 0., 1., 0., 0.],\n",
       "       [0., 0., 0., 1., 0.],\n",
       "       [0., 0., 0., 0., 1.]])"
      ]
     },
     "execution_count": 16,
     "metadata": {},
     "output_type": "execute_result"
    }
   ],
   "source": [
    "np.identity(n = 5)  "
   ]
  },
  {
   "cell_type": "code",
   "execution_count": 17,
   "metadata": {},
   "outputs": [],
   "source": [
    "import pandas as pd\n",
    "df = pd.read_csv('automobile.csv', index_col=False)"
   ]
  },
  {
   "cell_type": "code",
   "execution_count": 18,
   "metadata": {},
   "outputs": [
    {
     "data": {
      "text/html": [
       "<div>\n",
       "<style scoped>\n",
       "    .dataframe tbody tr th:only-of-type {\n",
       "        vertical-align: middle;\n",
       "    }\n",
       "\n",
       "    .dataframe tbody tr th {\n",
       "        vertical-align: top;\n",
       "    }\n",
       "\n",
       "    .dataframe thead th {\n",
       "        text-align: right;\n",
       "    }\n",
       "</style>\n",
       "<table border=\"1\" class=\"dataframe\">\n",
       "  <thead>\n",
       "    <tr style=\"text-align: right;\">\n",
       "      <th></th>\n",
       "      <th>symboling</th>\n",
       "      <th>normalized-losses</th>\n",
       "      <th>make</th>\n",
       "      <th>fuel-type</th>\n",
       "      <th>aspiration</th>\n",
       "      <th>num-of-doors</th>\n",
       "      <th>body-style</th>\n",
       "      <th>drive-wheels</th>\n",
       "      <th>engine-location</th>\n",
       "      <th>wheel-base</th>\n",
       "      <th>...</th>\n",
       "      <th>engine-size</th>\n",
       "      <th>fuel-system</th>\n",
       "      <th>bore</th>\n",
       "      <th>stroke</th>\n",
       "      <th>compression-ratio</th>\n",
       "      <th>horsepower</th>\n",
       "      <th>peak-rpm</th>\n",
       "      <th>city-mpg</th>\n",
       "      <th>highway-mpg</th>\n",
       "      <th>price</th>\n",
       "    </tr>\n",
       "  </thead>\n",
       "  <tbody>\n",
       "    <tr>\n",
       "      <th>0</th>\n",
       "      <td>3</td>\n",
       "      <td>NaN</td>\n",
       "      <td>alfa-romero</td>\n",
       "      <td>gas</td>\n",
       "      <td>std</td>\n",
       "      <td>two</td>\n",
       "      <td>convertible</td>\n",
       "      <td>rwd</td>\n",
       "      <td>front</td>\n",
       "      <td>88.6</td>\n",
       "      <td>...</td>\n",
       "      <td>130</td>\n",
       "      <td>mpfi</td>\n",
       "      <td>3.47</td>\n",
       "      <td>2.68</td>\n",
       "      <td>9.0</td>\n",
       "      <td>111.0</td>\n",
       "      <td>5000.0</td>\n",
       "      <td>21</td>\n",
       "      <td>27</td>\n",
       "      <td>13495.0</td>\n",
       "    </tr>\n",
       "    <tr>\n",
       "      <th>1</th>\n",
       "      <td>3</td>\n",
       "      <td>NaN</td>\n",
       "      <td>alfa-romero</td>\n",
       "      <td>gas</td>\n",
       "      <td>std</td>\n",
       "      <td>two</td>\n",
       "      <td>convertible</td>\n",
       "      <td>rwd</td>\n",
       "      <td>front</td>\n",
       "      <td>88.6</td>\n",
       "      <td>...</td>\n",
       "      <td>130</td>\n",
       "      <td>mpfi</td>\n",
       "      <td>3.47</td>\n",
       "      <td>2.68</td>\n",
       "      <td>9.0</td>\n",
       "      <td>111.0</td>\n",
       "      <td>5000.0</td>\n",
       "      <td>21</td>\n",
       "      <td>27</td>\n",
       "      <td>16500.0</td>\n",
       "    </tr>\n",
       "    <tr>\n",
       "      <th>2</th>\n",
       "      <td>1</td>\n",
       "      <td>NaN</td>\n",
       "      <td>alfa-romero</td>\n",
       "      <td>gas</td>\n",
       "      <td>std</td>\n",
       "      <td>two</td>\n",
       "      <td>hatchback</td>\n",
       "      <td>rwd</td>\n",
       "      <td>front</td>\n",
       "      <td>94.5</td>\n",
       "      <td>...</td>\n",
       "      <td>152</td>\n",
       "      <td>mpfi</td>\n",
       "      <td>2.68</td>\n",
       "      <td>3.47</td>\n",
       "      <td>9.0</td>\n",
       "      <td>154.0</td>\n",
       "      <td>5000.0</td>\n",
       "      <td>19</td>\n",
       "      <td>26</td>\n",
       "      <td>16500.0</td>\n",
       "    </tr>\n",
       "    <tr>\n",
       "      <th>3</th>\n",
       "      <td>2</td>\n",
       "      <td>164.0</td>\n",
       "      <td>audi</td>\n",
       "      <td>gas</td>\n",
       "      <td>std</td>\n",
       "      <td>four</td>\n",
       "      <td>sedan</td>\n",
       "      <td>fwd</td>\n",
       "      <td>front</td>\n",
       "      <td>99.8</td>\n",
       "      <td>...</td>\n",
       "      <td>109</td>\n",
       "      <td>mpfi</td>\n",
       "      <td>3.19</td>\n",
       "      <td>3.40</td>\n",
       "      <td>10.0</td>\n",
       "      <td>102.0</td>\n",
       "      <td>5500.0</td>\n",
       "      <td>24</td>\n",
       "      <td>30</td>\n",
       "      <td>13950.0</td>\n",
       "    </tr>\n",
       "    <tr>\n",
       "      <th>4</th>\n",
       "      <td>2</td>\n",
       "      <td>164.0</td>\n",
       "      <td>audi</td>\n",
       "      <td>gas</td>\n",
       "      <td>std</td>\n",
       "      <td>four</td>\n",
       "      <td>sedan</td>\n",
       "      <td>4wd</td>\n",
       "      <td>front</td>\n",
       "      <td>99.4</td>\n",
       "      <td>...</td>\n",
       "      <td>136</td>\n",
       "      <td>mpfi</td>\n",
       "      <td>3.19</td>\n",
       "      <td>3.40</td>\n",
       "      <td>8.0</td>\n",
       "      <td>115.0</td>\n",
       "      <td>5500.0</td>\n",
       "      <td>18</td>\n",
       "      <td>22</td>\n",
       "      <td>17450.0</td>\n",
       "    </tr>\n",
       "  </tbody>\n",
       "</table>\n",
       "<p>5 rows × 26 columns</p>\n",
       "</div>"
      ],
      "text/plain": [
       "   symboling  normalized-losses         make fuel-type aspiration  \\\n",
       "0          3                NaN  alfa-romero       gas        std   \n",
       "1          3                NaN  alfa-romero       gas        std   \n",
       "2          1                NaN  alfa-romero       gas        std   \n",
       "3          2              164.0         audi       gas        std   \n",
       "4          2              164.0         audi       gas        std   \n",
       "\n",
       "  num-of-doors   body-style drive-wheels engine-location  wheel-base  ...  \\\n",
       "0          two  convertible          rwd           front        88.6  ...   \n",
       "1          two  convertible          rwd           front        88.6  ...   \n",
       "2          two    hatchback          rwd           front        94.5  ...   \n",
       "3         four        sedan          fwd           front        99.8  ...   \n",
       "4         four        sedan          4wd           front        99.4  ...   \n",
       "\n",
       "   engine-size  fuel-system  bore  stroke compression-ratio horsepower  \\\n",
       "0          130         mpfi  3.47    2.68               9.0      111.0   \n",
       "1          130         mpfi  3.47    2.68               9.0      111.0   \n",
       "2          152         mpfi  2.68    3.47               9.0      154.0   \n",
       "3          109         mpfi  3.19    3.40              10.0      102.0   \n",
       "4          136         mpfi  3.19    3.40               8.0      115.0   \n",
       "\n",
       "   peak-rpm city-mpg  highway-mpg    price  \n",
       "0    5000.0       21           27  13495.0  \n",
       "1    5000.0       21           27  16500.0  \n",
       "2    5000.0       19           26  16500.0  \n",
       "3    5500.0       24           30  13950.0  \n",
       "4    5500.0       18           22  17450.0  \n",
       "\n",
       "[5 rows x 26 columns]"
      ]
     },
     "execution_count": 18,
     "metadata": {},
     "output_type": "execute_result"
    }
   ],
   "source": [
    "df.head()"
   ]
  },
  {
   "cell_type": "code",
   "execution_count": 19,
   "metadata": {},
   "outputs": [
    {
     "data": {
      "text/html": [
       "<div>\n",
       "<style scoped>\n",
       "    .dataframe tbody tr th:only-of-type {\n",
       "        vertical-align: middle;\n",
       "    }\n",
       "\n",
       "    .dataframe tbody tr th {\n",
       "        vertical-align: top;\n",
       "    }\n",
       "\n",
       "    .dataframe thead th {\n",
       "        text-align: right;\n",
       "    }\n",
       "</style>\n",
       "<table border=\"1\" class=\"dataframe\">\n",
       "  <thead>\n",
       "    <tr style=\"text-align: right;\">\n",
       "      <th></th>\n",
       "      <th>symboling</th>\n",
       "      <th>normalized-losses</th>\n",
       "      <th>wheel-base</th>\n",
       "      <th>length</th>\n",
       "      <th>width</th>\n",
       "      <th>height</th>\n",
       "      <th>curb-weight</th>\n",
       "      <th>engine-size</th>\n",
       "      <th>bore</th>\n",
       "      <th>stroke</th>\n",
       "      <th>compression-ratio</th>\n",
       "      <th>horsepower</th>\n",
       "      <th>peak-rpm</th>\n",
       "      <th>city-mpg</th>\n",
       "      <th>highway-mpg</th>\n",
       "      <th>price</th>\n",
       "    </tr>\n",
       "  </thead>\n",
       "  <tbody>\n",
       "    <tr>\n",
       "      <th>count</th>\n",
       "      <td>205.000000</td>\n",
       "      <td>164.000000</td>\n",
       "      <td>205.000000</td>\n",
       "      <td>205.000000</td>\n",
       "      <td>205.000000</td>\n",
       "      <td>205.000000</td>\n",
       "      <td>205.000000</td>\n",
       "      <td>205.000000</td>\n",
       "      <td>201.000000</td>\n",
       "      <td>201.000000</td>\n",
       "      <td>205.000000</td>\n",
       "      <td>203.000000</td>\n",
       "      <td>203.000000</td>\n",
       "      <td>205.000000</td>\n",
       "      <td>205.000000</td>\n",
       "      <td>201.000000</td>\n",
       "    </tr>\n",
       "    <tr>\n",
       "      <th>mean</th>\n",
       "      <td>0.834146</td>\n",
       "      <td>122.000000</td>\n",
       "      <td>98.756585</td>\n",
       "      <td>174.049268</td>\n",
       "      <td>65.907805</td>\n",
       "      <td>53.724878</td>\n",
       "      <td>2555.565854</td>\n",
       "      <td>126.907317</td>\n",
       "      <td>3.329751</td>\n",
       "      <td>3.255423</td>\n",
       "      <td>10.142537</td>\n",
       "      <td>104.256158</td>\n",
       "      <td>5125.369458</td>\n",
       "      <td>25.219512</td>\n",
       "      <td>30.751220</td>\n",
       "      <td>13207.129353</td>\n",
       "    </tr>\n",
       "    <tr>\n",
       "      <th>std</th>\n",
       "      <td>1.245307</td>\n",
       "      <td>35.442168</td>\n",
       "      <td>6.021776</td>\n",
       "      <td>12.337289</td>\n",
       "      <td>2.145204</td>\n",
       "      <td>2.443522</td>\n",
       "      <td>520.680204</td>\n",
       "      <td>41.642693</td>\n",
       "      <td>0.273539</td>\n",
       "      <td>0.316717</td>\n",
       "      <td>3.972040</td>\n",
       "      <td>39.714369</td>\n",
       "      <td>479.334560</td>\n",
       "      <td>6.542142</td>\n",
       "      <td>6.886443</td>\n",
       "      <td>7947.066342</td>\n",
       "    </tr>\n",
       "    <tr>\n",
       "      <th>min</th>\n",
       "      <td>-2.000000</td>\n",
       "      <td>65.000000</td>\n",
       "      <td>86.600000</td>\n",
       "      <td>141.100000</td>\n",
       "      <td>60.300000</td>\n",
       "      <td>47.800000</td>\n",
       "      <td>1488.000000</td>\n",
       "      <td>61.000000</td>\n",
       "      <td>2.540000</td>\n",
       "      <td>2.070000</td>\n",
       "      <td>7.000000</td>\n",
       "      <td>48.000000</td>\n",
       "      <td>4150.000000</td>\n",
       "      <td>13.000000</td>\n",
       "      <td>16.000000</td>\n",
       "      <td>5118.000000</td>\n",
       "    </tr>\n",
       "    <tr>\n",
       "      <th>25%</th>\n",
       "      <td>0.000000</td>\n",
       "      <td>94.000000</td>\n",
       "      <td>94.500000</td>\n",
       "      <td>166.300000</td>\n",
       "      <td>64.100000</td>\n",
       "      <td>52.000000</td>\n",
       "      <td>2145.000000</td>\n",
       "      <td>97.000000</td>\n",
       "      <td>3.150000</td>\n",
       "      <td>3.110000</td>\n",
       "      <td>8.600000</td>\n",
       "      <td>70.000000</td>\n",
       "      <td>4800.000000</td>\n",
       "      <td>19.000000</td>\n",
       "      <td>25.000000</td>\n",
       "      <td>7775.000000</td>\n",
       "    </tr>\n",
       "    <tr>\n",
       "      <th>50%</th>\n",
       "      <td>1.000000</td>\n",
       "      <td>115.000000</td>\n",
       "      <td>97.000000</td>\n",
       "      <td>173.200000</td>\n",
       "      <td>65.500000</td>\n",
       "      <td>54.100000</td>\n",
       "      <td>2414.000000</td>\n",
       "      <td>120.000000</td>\n",
       "      <td>3.310000</td>\n",
       "      <td>3.290000</td>\n",
       "      <td>9.000000</td>\n",
       "      <td>95.000000</td>\n",
       "      <td>5200.000000</td>\n",
       "      <td>24.000000</td>\n",
       "      <td>30.000000</td>\n",
       "      <td>10295.000000</td>\n",
       "    </tr>\n",
       "    <tr>\n",
       "      <th>75%</th>\n",
       "      <td>2.000000</td>\n",
       "      <td>150.000000</td>\n",
       "      <td>102.400000</td>\n",
       "      <td>183.100000</td>\n",
       "      <td>66.900000</td>\n",
       "      <td>55.500000</td>\n",
       "      <td>2935.000000</td>\n",
       "      <td>141.000000</td>\n",
       "      <td>3.590000</td>\n",
       "      <td>3.410000</td>\n",
       "      <td>9.400000</td>\n",
       "      <td>116.000000</td>\n",
       "      <td>5500.000000</td>\n",
       "      <td>30.000000</td>\n",
       "      <td>34.000000</td>\n",
       "      <td>16500.000000</td>\n",
       "    </tr>\n",
       "    <tr>\n",
       "      <th>max</th>\n",
       "      <td>3.000000</td>\n",
       "      <td>256.000000</td>\n",
       "      <td>120.900000</td>\n",
       "      <td>208.100000</td>\n",
       "      <td>72.300000</td>\n",
       "      <td>59.800000</td>\n",
       "      <td>4066.000000</td>\n",
       "      <td>326.000000</td>\n",
       "      <td>3.940000</td>\n",
       "      <td>4.170000</td>\n",
       "      <td>23.000000</td>\n",
       "      <td>288.000000</td>\n",
       "      <td>6600.000000</td>\n",
       "      <td>49.000000</td>\n",
       "      <td>54.000000</td>\n",
       "      <td>45400.000000</td>\n",
       "    </tr>\n",
       "  </tbody>\n",
       "</table>\n",
       "</div>"
      ],
      "text/plain": [
       "        symboling  normalized-losses  wheel-base      length       width  \\\n",
       "count  205.000000         164.000000  205.000000  205.000000  205.000000   \n",
       "mean     0.834146         122.000000   98.756585  174.049268   65.907805   \n",
       "std      1.245307          35.442168    6.021776   12.337289    2.145204   \n",
       "min     -2.000000          65.000000   86.600000  141.100000   60.300000   \n",
       "25%      0.000000          94.000000   94.500000  166.300000   64.100000   \n",
       "50%      1.000000         115.000000   97.000000  173.200000   65.500000   \n",
       "75%      2.000000         150.000000  102.400000  183.100000   66.900000   \n",
       "max      3.000000         256.000000  120.900000  208.100000   72.300000   \n",
       "\n",
       "           height  curb-weight  engine-size        bore      stroke  \\\n",
       "count  205.000000   205.000000   205.000000  201.000000  201.000000   \n",
       "mean    53.724878  2555.565854   126.907317    3.329751    3.255423   \n",
       "std      2.443522   520.680204    41.642693    0.273539    0.316717   \n",
       "min     47.800000  1488.000000    61.000000    2.540000    2.070000   \n",
       "25%     52.000000  2145.000000    97.000000    3.150000    3.110000   \n",
       "50%     54.100000  2414.000000   120.000000    3.310000    3.290000   \n",
       "75%     55.500000  2935.000000   141.000000    3.590000    3.410000   \n",
       "max     59.800000  4066.000000   326.000000    3.940000    4.170000   \n",
       "\n",
       "       compression-ratio  horsepower     peak-rpm    city-mpg  highway-mpg  \\\n",
       "count         205.000000  203.000000   203.000000  205.000000   205.000000   \n",
       "mean           10.142537  104.256158  5125.369458   25.219512    30.751220   \n",
       "std             3.972040   39.714369   479.334560    6.542142     6.886443   \n",
       "min             7.000000   48.000000  4150.000000   13.000000    16.000000   \n",
       "25%             8.600000   70.000000  4800.000000   19.000000    25.000000   \n",
       "50%             9.000000   95.000000  5200.000000   24.000000    30.000000   \n",
       "75%             9.400000  116.000000  5500.000000   30.000000    34.000000   \n",
       "max            23.000000  288.000000  6600.000000   49.000000    54.000000   \n",
       "\n",
       "              price  \n",
       "count    201.000000  \n",
       "mean   13207.129353  \n",
       "std     7947.066342  \n",
       "min     5118.000000  \n",
       "25%     7775.000000  \n",
       "50%    10295.000000  \n",
       "75%    16500.000000  \n",
       "max    45400.000000  "
      ]
     },
     "execution_count": 19,
     "metadata": {},
     "output_type": "execute_result"
    }
   ],
   "source": [
    "# Describe the dataset to get basic statistics\n",
    "df.describe()"
   ]
  },
  {
   "cell_type": "markdown",
   "metadata": {},
   "source": [
    "* **Identify numerical and categorical columns**"
   ]
  },
  {
   "cell_type": "code",
   "execution_count": 20,
   "metadata": {},
   "outputs": [
    {
     "data": {
      "text/plain": [
       "['symboling',\n",
       " 'normalized-losses',\n",
       " 'wheel-base',\n",
       " 'length',\n",
       " 'width',\n",
       " 'height',\n",
       " 'curb-weight',\n",
       " 'engine-size',\n",
       " 'bore',\n",
       " 'stroke',\n",
       " 'compression-ratio',\n",
       " 'horsepower',\n",
       " 'peak-rpm',\n",
       " 'city-mpg',\n",
       " 'highway-mpg',\n",
       " 'price']"
      ]
     },
     "execution_count": 20,
     "metadata": {},
     "output_type": "execute_result"
    }
   ],
   "source": [
    "numerical_columns = df.select_dtypes(include=[np.number]).columns.tolist()\n",
    "numerical_columns"
   ]
  },
  {
   "cell_type": "code",
   "execution_count": 21,
   "metadata": {},
   "outputs": [
    {
     "data": {
      "text/plain": [
       "['make',\n",
       " 'fuel-type',\n",
       " 'aspiration',\n",
       " 'num-of-doors',\n",
       " 'body-style',\n",
       " 'drive-wheels',\n",
       " 'engine-location',\n",
       " 'engine-type',\n",
       " 'num-of-cylinders',\n",
       " 'fuel-system']"
      ]
     },
     "execution_count": 21,
     "metadata": {},
     "output_type": "execute_result"
    }
   ],
   "source": [
    "categorical_columns = df.select_dtypes(exclude=[np.number]).columns.tolist()\n",
    "categorical_columns"
   ]
  },
  {
   "cell_type": "markdown",
   "metadata": {},
   "source": [
    "### **Correlation Matrix**\n",
    "\n",
    "\n",
    "A correlation matrix is just a table with the correlation coefficients for different variables. The matrix shows how all the possible pairs of values in a table are related to each other. It is a powerful tool for summarizing a large data set and finding and showing patterns in the data.\n",
    "\n",
    "* A correlation matrix provides the correlation coefficients between pairs of numerical features. Values close to 1 or -1 indicate a strong positive or negative correlation, respectively. A value close to 0 suggests little to no linear relationship between the features.\n",
    "\n",
    "* Let's look at the numerical columns and investigate any correlations among them. "
   ]
  },
  {
   "cell_type": "code",
   "execution_count": 22,
   "metadata": {},
   "outputs": [
    {
     "data": {
      "text/plain": [
       "array([[ 1.        ,  0.51838797, -0.52046477, -0.33621705, -0.21984964,\n",
       "        -0.47399437, -0.25237234, -0.11023843, -0.25701277, -0.02053884,\n",
       "        -0.13902179, -0.00366866,  0.19979781,  0.08891209,  0.14930948,\n",
       "        -0.16332929],\n",
       "       [ 0.51838797,  1.        , -0.06400101,  0.02911438,  0.1048565 ,\n",
       "        -0.41708077,  0.12286025,  0.2038412 , -0.03616694,  0.06562699,\n",
       "        -0.12997093,  0.29090559,  0.24067647, -0.23693364, -0.18969131,\n",
       "         0.19992385],\n",
       "       [-0.52046477, -0.06400101,  1.        ,  0.87196801,  0.81593501,\n",
       "         0.55876376,  0.81050693,  0.6504878 ,  0.58048403,  0.16401196,\n",
       "         0.2939676 ,  0.51450686, -0.29249053, -0.5766354 , -0.60826982,\n",
       "         0.7347888 ],\n",
       "       [-0.33621705,  0.02911438,  0.87196801,  1.        ,  0.83918412,\n",
       "         0.50515596,  0.87035496,  0.72666638,  0.64905924,  0.11604912,\n",
       "         0.18896778,  0.66672597, -0.23910434, -0.71687663, -0.71783122,\n",
       "         0.76032275],\n",
       "       [-0.21984964,  0.1048565 ,  0.81593501,  0.83918412,  1.        ,\n",
       "         0.29840309,  0.87064933,  0.7800176 ,  0.57504802,  0.19289103,\n",
       "         0.26153025,  0.67877892, -0.23590633, -0.6621225 , -0.68936743,\n",
       "         0.8433157 ],\n",
       "       [-0.47399437, -0.41708077,  0.55876376,  0.50515596,  0.29840309,\n",
       "         1.        ,  0.36936307,  0.11650514,  0.26150092, -0.09536437,\n",
       "         0.23743151,  0.03226392, -0.25123623, -0.19455902, -0.22164557,\n",
       "         0.24750024],\n",
       "       [-0.25237234,  0.12286025,  0.81050693,  0.87035496,  0.87064933,\n",
       "         0.36936307,  1.        ,  0.88884736,  0.64664028,  0.17169132,\n",
       "         0.22651275,  0.78850942, -0.26208551, -0.75953792, -0.78716702,\n",
       "         0.89380953],\n",
       "       [-0.11023843,  0.2038412 ,  0.6504878 ,  0.72666638,  0.7800176 ,\n",
       "         0.11650514,  0.88884736,  1.        ,  0.59733622,  0.29669314,\n",
       "         0.14356771,  0.80985478, -0.28726007, -0.69588958, -0.71136436,\n",
       "         0.84172481],\n",
       "       [-0.25701277, -0.03616694,  0.58048403,  0.64905924,  0.57504802,\n",
       "         0.26150092,  0.64664028,  0.59733622,  1.        , -0.10546407,\n",
       "         0.01921597,  0.5571074 , -0.31584138, -0.58561823, -0.58672907,\n",
       "         0.53489078],\n",
       "       [-0.02053884,  0.06562699,  0.16401196,  0.11604912,  0.19289103,\n",
       "        -0.09536437,  0.17169132,  0.29669314, -0.10546407,  1.        ,\n",
       "         0.24089481,  0.14931499, -0.00856899, -0.02138083, -0.01397408,\n",
       "         0.15879823],\n",
       "       [-0.13902179, -0.12997093,  0.2939676 ,  0.18896778,  0.26153025,\n",
       "         0.23743151,  0.22651275,  0.14356771,  0.01921597,  0.24089481,\n",
       "         1.        , -0.16289361, -0.41872632,  0.27951325,  0.22244152,\n",
       "         0.21094844],\n",
       "       [-0.00366866,  0.29090559,  0.51450686,  0.66672597,  0.67877892,\n",
       "         0.03226392,  0.78850942,  0.80985478,  0.5571074 ,  0.14931499,\n",
       "        -0.16289361,  1.        ,  0.07493182, -0.83717978, -0.8279725 ,\n",
       "         0.75858227],\n",
       "       [ 0.19979781,  0.24067647, -0.29249053, -0.23910434, -0.23590633,\n",
       "        -0.25123623, -0.26208551, -0.28726007, -0.31584138, -0.00856899,\n",
       "        -0.41872632,  0.07493182,  1.        , -0.05493781, -0.03437238,\n",
       "        -0.17397006],\n",
       "       [ 0.08891209, -0.23693364, -0.5766354 , -0.71687663, -0.6621225 ,\n",
       "        -0.19455902, -0.75953792, -0.69588958, -0.58561823, -0.02138083,\n",
       "         0.27951325, -0.83717978, -0.05493781,  1.        ,  0.9719968 ,\n",
       "        -0.69009981],\n",
       "       [ 0.14930948, -0.18969131, -0.60826982, -0.71783122, -0.68936743,\n",
       "        -0.22164557, -0.78716702, -0.71136436, -0.58672907, -0.01397408,\n",
       "         0.22244152, -0.8279725 , -0.03437238,  0.9719968 ,  1.        ,\n",
       "        -0.7183144 ],\n",
       "       [-0.16332929,  0.19992385,  0.7347888 ,  0.76032275,  0.8433157 ,\n",
       "         0.24750024,  0.89380953,  0.84172481,  0.53489078,  0.15879823,\n",
       "         0.21094844,  0.75858227, -0.17397006, -0.69009981, -0.7183144 ,\n",
       "         1.        ]])"
      ]
     },
     "execution_count": 22,
     "metadata": {},
     "output_type": "execute_result"
    }
   ],
   "source": [
    "# Computing the correlation matrix using numpy's corrcoef method\n",
    "# We'll transpose the data because corrcoef expects variables to be represented by rows, not columns.\n",
    "# Returns the correlation coefficient matrix, where the diagonals are always 1 \n",
    "correlation_matrix_np = np.corrcoef(df[numerical_columns].dropna().values, rowvar=False)\n",
    "\n",
    "\n",
    "# You can also do it with Pandas' corr() method. This method returns a full correlation matrix.\n",
    "#correlation_matrix = df[numerical_columns].corr()\n",
    "\n",
    "correlation_matrix_np"
   ]
  },
  {
   "cell_type": "markdown",
   "metadata": {},
   "source": [
    "* The result is a matrix where each entry at position (i,j) represents the correlation between the i<sup>th</sup>  and  j<sup>th</sup> feature. The diagonal elements are all 1 because any feature is perfectly correlated with itself."
   ]
  },
  {
   "cell_type": "markdown",
   "metadata": {},
   "source": [
    "**Please Note** \n",
    "\n",
    "* The `rowvar=False` argument in the `np.corrcoef()` function is responsible for treating columns as variables instead of rows. By setting rowvar=False, we're indicating that each column represents a variable, and each row is an observation of those variables. This is essentially equivalent to taking the transpose for the purpose of correlation calculation.\n",
    "\n",
    "* In the traditional use of `np.corrcoef()`, rows are considered as variables and columns as observations. But in our dataset (and most tabular datasets), columns are the variables (features) and rows are the observations (samples). So, by setting `rowvar=False`, we're aligning the data correctly for correlation calculation without physically transposing the data."
   ]
  },
  {
   "cell_type": "markdown",
   "metadata": {},
